$ANSIBLE_VAULT;1.1;AES256
63623139373936313464383337313663353234336464303437656132616363623265323362313432
3461356365353232643137623932613963613438636333660a616162346264303266653636333534
61383035316431336433613237393266623866356231636138623736313134376436303531303633
6631373131623764320a363063616133393531613533663830656331623262633530636335613334
39333234636561623633643939353539313431313231373565313131373965653463356133626435
37626466623463363431656366613630623737303637333335326437396331343163313466656463
31336161646164663361353037333338326437623737393266656137373331323938613932346636
33323931656435383166653965633436383232336465643161323665306533653533373738366439
31623665393133376433336137353462653037626239633239623934363162313330333366626236
31346661383062326163346562613439663538633239353765656235653530666161663436393562
31613433653431343334636532643332663164666331386464663230616138366664333833306631
35333837313338646538396531386233623536306531373231373231623263613535303161326234
62306139323339306135386461633236623537373339316235613463323065306264313935376133
37323135656235666662396634326662633831393030373233623232343935306663653735633634
61313737333236353962343630646561666533313361313466336332616437396464356663656664
30633461393231363336363439336135386661666264336235356438613534643838643831313034
34396339633665626138386236633066656431336238363436323933393665633663616162363365
35656265316564316133346666616130323666343130393663636463383336633632373734336532
33343666656333643166663661313764633564623133323631346336646435626533626235356339
39643932623530373039323366643363363166626361643432346665343962353965393132613435
32643934656331656334326362383766386563353837313964336263663136633835633861643230
30376334363233373137363262306432623461356639633130373838346533386337373438396133
62306331306134373334393361343835336133663439666665343831643963303238636631373966
37303533386566393034323038316633323666326136353062323161633434633931613466636361
61616565346631386466316231306663653563326630326233393133363735303339666135346665
33653765333266373661303266386464643462343930616634663230333836343066326233633530
35626130336333643839653461316635303731383833653137373236393834663361306335383961
37643834393563353331396333626462623166393832643937643037363461366262626333373737
61396335623531343764333365643237313530643335326566626561666131343636313436323730
34346231356666616138633565323561316334386235633635643334323633383737303761336131
39643537376334383732616237373335623234323134393438303031393733653964333836313231
61356664383564613836386334353062663566363666646131613363613731346361623938626237
39363237666530656630343234366266363463353934613535663863616561326163663831353238
63373337386365383861326266663632333436353032393939313330633364346664363364356132
34343737343236646531383662333833393233656561366533316565346136616662313133376335
63396531373035343632633338383566633666383237326164356530323666653563303265343832
34366364373963663136303633356432396335666137646364313165383137653431383531323936
38366562343532376664353033376334633566653566346532313030306632336431393566353334
39316239353464396166323564316366666661376464363432323266343937393936656265386665
30656361393436356131333163383833623733323832666336653934613539623065663430613436
34393664623761623131313435363734346631363535653865323662666336343764633538306433
62346366396335653261373334313132643834643138343332303136366638356136393530663238
39323237653565386537643162356136313664343330656432316434626239626332616136346230
65313735333063653264666133303530653765336633626132623837616263363032336436323031
31623066353635616532336536326461386165633361313431313534653861663038353638363033
64393764653062623537363165366565666463366365336266376330613932633230346235373537
32356462316235653836363636636432666465623634646637303462353432616265363066303033
38346633643565633962613036373239393030393966366635386238306232333136313762363738
37356363333131326239373563323263626663366130303038333961643762616336366535336439
39623634363439656366366333623336343165353132323937346531636233326538363733376436
34666630646439383436626330623036626163373436633233653733333934396635393634376533
66633562653834636137643038636638353531306664666331656639383338323966343031653961
38633938323537316430653861666336616434333438336266383234323162613134356466616337
36656432336433613338633166396237396631383165336636623064303061333135623665326632
35313334343031366465663139363465383062633831666534303136383537653830656163636463
39366231343430303730663038303534303961363031346537366463396537366132396531353739
32633232303463613839393738386562663134613832353038323330363938623838653533623639
61376334396237396333313533326332356635653661386334643435336566333735366434636532
33633031373235393362363933646136633462353365643763643363643064386435616439386432
65313535396338323866623865386561633839323439666262326530663865646439336665663336
30303265373835333166396439396233343638626137386339656462303764613463353062353935
35623363393036633461323139326466336233623862383833303464643138653765656364616462
62663439303234623339393434653034366139363363623532323433643431336534636532663337
62653531626265623165353735643066303130666635623330326534323734623765616262633262
64646337313862326633366265303865656363356533386161613733386464336165383337366339
39643537653034633837636533343437303635303736313932383435363635396536653830353038
37366332393262623331376365386637323731343362393461643261623264376236613539616539
62636134633666396162303362373939316461626435323564383731393566373565346137623237
62363836346430613263356138333331636162376437373765653437313061363636613839663763
35383661323563333030323761346664363833376237323835653333376362636462623466373232
33343236653635373536396335316331353262336664383063643063613463356263353262373261
39303336363938366538366339383438343932333839626134663836373936383163386431323533
33633435396363303337306232616232613932613736396532663532363037393830636435623966
34633036653831343937396436653463666534666638316362356138316466613162396362623764
65353434343337396534666364623466303235656237386633623838653266396233363932633638
33373066313735616264663762386438383835643439363736346230343466323465616239376537
63666438316461643532333264383862663132643733633563323061376436313235303737356265
36363137373231333439336632623938626166343064623766336136373734383764303238613665
66383339616261643761396662616634313838353534626539376564633337346533336162613432
35386235663966303637613330623465333239663664653339633561326132393933303930366665
61336266396537383633663264623463353762623266366536613034623432653966376562613961
62313638626330343062306137316332636364616130316165653830623836656436396263643938
61666238393432373366326465386535623763356461366338383836393835386135303531393265
65366662383762623331373766333037623065646266343666363761636538303131306363376465
65616661663766323664613034386331623164383030343939303165393365396563323530396162
34313933346332613831643837333630643932663632336534356238656539633366396564633231
37346136616136356163663866386235366132333931343430383032386666616635333234653632
37353231366563393130373935306334396465316166313033333638346334346530333138396231
65373038623038663236386334313235346437346438343830333963376661616434623664653938
35363365303665393139633033663161643665363561636639323566333162356634613136376261
62306661613532626539613561313838356139316433303436383762396338623034303935326433
64333630373637316562363263623764666463633535386337663736346234343036663036353866
39333136323734323935613932326233636662623339336138323037376132336633363261386465
32653461616561623266323938663232373364376465343564366432663336336536333963353039
65363761323232313236343436306361343434396635633065613033343830353666383066306234
38376566613262373664323630316639323961323937376337653733333531626236623234333836
37323735636337353238353662623666313837303361623932343238313362366265
